INSTANCIA,GRAUS,DIST_F
g_15_33_30-1.txt 7 6 6 6 5 5 5 5 4 4 4 3 2 2 2 0.00
g_15_33_30-2.txt, 7 6 6 5 5 5 5 4 4 4 4 3 3 3 2, 2.00
g_15_33_30-3.txt, 7 7 6 6 6 4 4 4 4 4 3 3 3 3 2, 2.83
g_15_33_30-4.txt, 7 6 6 5 5 5 4 4 4 4 4 3 3 3 3, 2.45
g_15_33_30-5.txt, 7 6 5 5 5 5 5 4 4 4 4 3 3 3 3, 2.45
g_15_33_30-6.txt, 7 6 6 5 5 4 4 4 4 4 4 4 3 3 3, 2.83
g_15_33_30-7.txt, 7 7 6 5 5 5 4 4 4 4 4 4 3 2 2, 2.45
g_15_33_30-8.txt, 8 7 6 6 5 4 4 4 4 4 3 3 3 3 2, 2.83
g_15_33_30-9.txt, 6 6 5 5 5 5 5 4 4 4 4 4 3 3 3, 2.83
g_15_33_30-10.txt, 8 6 5 5 5 5 5 5 4 4 3 3 3 3 2, 2.45
g_15_33_30-11.txt, 7 7 5 5 5 5 5 4 4 4 3 3 3 3 3, 2.83
g_15_33_30-12.txt, 7 6 5 5 5 5 4 4 4 4 4 4 4 3 2, 3.16
g_15_33_30-13.txt, 8 7 6 5 5 4 4 4 4 4 4 4 3 2 2, 2.83
g_15_33_30-14.txt, 8 7 6 6 5 5 5 4 4 4 3 3 2 2 2, 2.00
g_15_33_30-15.txt, 8 7 6 5 4 4 4 4 4 4 4 3 3 3 3, 3.16
