1 - 42 edges
0 4;0 5;0 7;0 8;0 11;1 2;1 3;1 5;1 6;1 7;1 9;1 10;2 3;2 5;2 6;2 7;2 8;2 9;2 10;3 6;3 7;3 8;3 10;4 8;4 11;5 6;5 7;5 8;5 10;5 11;6 7;6 8;6 9;6 10;7 8;7 9;7 10;8 9;8 10;8 11;9 10;10 11

2 - 34 edges
0 4;0 6;0 10;1 2;1 3;1 5;1 8;1 10;2 3;2 4;2 5;2 7;2 8;2 9;2 10;3 4;3 5;3 7;3 8;3 10;4 5;4 7;4 8;4 9;4 10;5 6;5 7;5 8;5 10;8 9;8 10;8 11;9 11;10 11

3 - 40 edges
0 1;0 3;0 4;0 7;0 8;0 9;0 10;0 11;1 3;1 4;1 6;1 8;1 11;2 4;2 5;2 8;3 5;3 6;3 8;3 10;3 11;4 5;4 6;4 8;4 10;4 11;5 6;5 8;5 10;5 11;6 7;6 8;6 10;6 11;7 8;7 11;8 10;8 11;9 10;10 11

4 - 50 edges
0 2;0 3;0 4;0 5;0 6;0 7;0 9;0 10;0 11;1 2;1 3;1 4;1 5;1 6;1 7;1 9;1 10;1 11;2 4;2 5;2 6;2 7;2 9;2 10;3 4;3 7;3 10;4 5;4 6;4 7;4 8;4 9;4 10;4 11;5 7;5 8;5 9;5 10;5 11;6 7;6 8;6 9;6 10;7 8;7 9;7 10;7 11;8 9;8 11;9 11

5 - 30 edges
0 2;0 5;0 6;0 9;0 10;0 11;1 4;1 8;1 9;1 10;1 11;2 3;2 9;2 10;3 4;3 6;4 5;4 9;4 11;5 6;5 7;5 9;5 11;6 7;6 8;6 11;7 8;7 10;8 9;9 11

6 - 34 edges
0 1;0 2;0 5;0 6;0 7;0 8;0 10;1 2;1 4;1 6;1 9;1 10;2 6;2 8;2 9;3 4;3 6;3 9;3 11;4 5;4 6;4 7;4 8;4 10;5 8;5 9;6 7;6 8;6 11;7 11;8 9;8 10;8 11;10 11

7 - 38 edges
0 4;0 6;0 7;0 9;0 10;1 2;1 3;1 5;1 6;1 7;1 8;1 10;1 11;2 5;2 8;2 10;2 11;3 5;3 8;3 10;3 11;4 5;4 6;4 7;4 9;5 6;5 7;5 9;5 10;5 11;6 7;6 10;7 9;7 10;8 10;9 10;9 11;10 11

8 - 34 edges
0 1;0 2;0 3;0 6;0 7;0 8;1 3;1 11;2 3;2 4;2 5;2 7;2 10;2 11;3 4;3 6;3 7;3 8;4 5;4 7;4 9;4 10;5 6;5 7;5 10;5 11;6 7;6 8;6 10;6 11;7 8;7 9;7 10;8 10

9 - 24 edges
0 5;0 7;0 8;0 11;1 5;1 7;1 8;1 11;2 3;2 4;2 6;2 11;3 5;3 6;3 8;3 10;5 6;5 7;5 9;5 10;5 11;6 9;6 10;8 9

10 - 27 edges
0 1;0 3;0 4;0 5;0 7;0 9;1 7;1 10;1 11;2 5;2 10;3 5;3 10;4 5;4 6;4 11;5 6;5 8;5 9;5 11;6 11;7 8;7 9;7 10;8 9;8 10;8 11

11 - 28 edges
0 1;0 4;0 11;1 2;1 3;1 4;1 7;1 11;2 7;2 9;2 11;3 4;3 8;3 9;3 10;3 11;4 8;4 9;4 11;5 6;6 7;6 8;6 9;7 9;7 10;8 9;8 10;10 11

12 - 29 edges
0 1;0 11;1 3;1 5;1 6;1 11;2 3;2 4;2 6;2 9;3 5;3 6;3 7;3 11;4 5;4 7;4 10;4 11;5 7;5 8;5 9;5 10;6 8;6 9;6 11;7 8;7 9;8 9;8 10

13 - 23 edges
0 2;0 3;0 4;0 5;0 6;0 7;0 10;0 11;1 4;1 10;2 4;2 5;2 6;2 11;3 5;3 6;4 9;5 6;7 8;7 9;7 10;8 9;8 10

14 - 57 edges
0 1;0 2;0 3;0 4;0 5;0 6;0 7;0 8;0 9;0 11;1 2;1 3;1 4;1 5;1 6;1 7;1 8;1 9;1 10;2 3;2 4;2 5;2 6;2 7;2 8;2 9;2 10;2 11;3 4;3 5;3 6;3 7;3 8;3 9;3 11;4 5;4 6;4 7;4 8;4 9;4 10;4 11;5 6;5 7;5 8;5 9;5 11;6 7;6 8;6 9;7 8;7 9;8 9;8 10;8 11;9 10;9 11

15 - 29 edges
0 2;0 4;0 5;0 6;0 8;0 11;1 2;1 5;1 7;1 10;1 11;2 5;2 6;2 7;2 8;2 9;2 10;3 9;4 5;4 7;4 10;4 11;5 6;5 10;6 7;6 11;8 9;8 10;8 11

16 - 25 edges
0 1;0 2;0 3;0 5;0 9;0 10;1 2;1 5;1 8;2 3;2 7;2 8;2 9;2 10;2 11;3 7;3 9;4 6;4 8;4 11;5 11;6 8;7 9;7 10;9 10

17 - 35 edges
0 2;0 7;0 10;1 2;1 4;1 5;1 7;1 8;1 10;2 7;2 10;3 4;3 5;3 6;3 8;3 10;3 11;4 5;4 8;4 9;4 10;4 11;5 7;5 8;5 9;5 11;6 8;6 11;7 9;7 10;8 10;8 11;9 10;9 11;10 11

18 - 36 edges
0 1;0 3;0 5;0 6;0 7;0 8;0 10;0 11;1 3;1 6;1 8;1 10;1 11;2 6;2 7;2 10;2 11;3 6;3 7;3 8;3 11;4 5;4 6;4 8;4 9;4 10;4 11;5 9;5 10;6 7;6 8;6 11;7 8;7 11;8 10;9 10

19 - 31 edges
0 2;0 4;0 5;0 6;0 9;0 11;1 3;1 4;1 6;1 8;1 11;2 6;2 7;2 10;2 11;3 4;3 7;3 8;3 9;3 10;3 11;4 6;4 8;5 10;5 11;6 9;6 11;7 9;7 11;9 10;10 11

20 - 35 edges
0 2;0 3;0 5;0 7;0 9;0 11;1 3;1 4;1 5;1 6;1 7;1 9;1 10;1 11;2 5;2 6;2 10;3 5;3 7;3 8;4 5;4 6;4 10;5 6;5 8;5 9;5 10;6 7;6 8;6 9;6 10;7 8;7 11;8 9;8 10

21 - 54 edges
0 1;0 2;0 3;0 4;0 5;0 6;0 7;0 10;0 11;1 2;1 3;1 4;1 5;1 6;1 7;1 8;1 9;1 10;1 11;2 4;2 6;2 7;2 10;2 11;3 4;3 5;3 7;3 9;3 10;3 11;4 5;4 6;4 8;4 9;4 10;4 11;5 6;5 7;5 8;5 9;5 11;6 7;6 9;6 10;6 11;7 8;7 9;7 10;7 11;8 9;8 10;8 11;9 11;10 11

22 - 48 edges
0 1;0 2;0 3;0 5;0 6;0 7;0 8;0 9;0 11;1 5;1 6;1 7;1 8;1 9;1 11;2 3;2 4;2 5;2 7;2 8;2 10;2 11;3 4;3 5;3 7;3 8;3 9;3 10;3 11;4 5;4 7;4 10;5 6;5 7;5 8;5 9;5 10;5 11;6 7;6 8;6 11;7 8;7 9;7 10;7 11;8 9;8 11;9 11

23 - 24 edges
0 1;0 2;0 5;0 9;1 4;1 5;1 9;2 4;2 5;2 11;3 10;3 11;4 5;5 6;6 8;6 11;7 9;7 10;7 11;8 9;8 10;9 10;9 11;10 11

24 - 39 edges
0 1;0 2;0 3;0 6;0 9;1 3;1 4;1 5;1 6;1 10;2 4;2 6;2 7;2 8;2 9;2 10;3 4;3 5;3 6;3 8;4 7;4 8;4 9;4 10;5 6;6 7;6 8;6 9;6 10;6 11;7 8;7 9;7 11;8 9;8 10;8 11;9 10;9 11;10 11

25 - 42 edges
0 1;0 2;0 4;0 5;0 6;0 8;0 11;1 3;1 4;1 5;1 6;1 7;1 9;1 10;1 11;2 3;2 4;2 5;2 6;2 8;2 11;3 4;3 5;3 6;3 7;3 9;3 10;3 11;4 5;4 6;4 7;4 9;4 10;4 11;5 6;5 10;5 11;6 10;6 11;7 9;7 10;8 11

26 - 50 edges
0 2;0 3;0 5;0 8;0 9;0 10;1 3;1 4;1 5;1 6;1 7;1 8;1 9;1 10;1 11;2 4;2 5;2 7;2 8;2 9;2 10;3 4;3 5;3 7;3 8;3 9;3 11;4 6;4 7;4 8;4 9;4 10;4 11;5 7;5 8;5 9;5 10;6 7;6 8;6 9;6 10;6 11;7 8;7 9;7 10;7 11;8 9;9 10;9 11;10 11

27 - 36 edges
0 1;0 5;0 6;0 8;0 9;0 11;1 2;1 3;1 4;1 5;1 8;1 9;1 10;1 11;2 3;2 4;2 5;2 7;2 8;2 9;2 10;2 11;3 5;3 6;3 8;3 9;3 11;4 7;4 9;4 10;5 7;5 10;6 9;6 11;7 10;8 11

28 - 52 edges
0 1;0 2;0 3;0 4;0 5;0 6;0 7;0 8;0 9;0 10;0 11;1 2;1 5;1 6;1 7;1 8;1 9;1 10;2 4;2 5;2 7;2 8;2 9;2 10;2 11;3 4;3 5;3 7;3 9;3 10;4 5;4 7;4 8;4 9;4 10;4 11;5 7;5 8;5 9;5 10;5 11;6 7;6 8;6 10;7 8;7 9;7 10;7 11;8 9;8 10;9 10;10 11

29 - 41 edges
0 2;0 6;0 9;0 11;1 2;1 4;1 8;1 9;1 10;1 11;2 3;2 5;2 6;2 7;2 9;2 10;2 11;3 4;3 6;3 7;3 10;3 11;4 6;4 7;4 9;4 10;5 6;5 7;5 9;5 10;5 11;6 7;6 8;6 9;6 10;7 9;7 11;8 10;8 11;9 10;9 11

30 - 43 edges
0 2;0 3;0 4;0 5;0 6;0 7;0 8;0 9;0 10;0 11;1 4;1 5;1 6;1 11;2 7;2 8;2 10;3 4;3 5;3 6;3 8;3 9;3 10;3 11;4 5;4 6;4 9;4 10;4 11;5 6;5 9;5 10;5 11;6 8;6 9;6 10;6 11;7 8;7 10;8 9;8 10;9 10;9 11

31 - 36 edges
0 1;0 2;0 4;0 5;0 6;0 7;0 9;0 11;1 2;1 4;1 5;1 6;1 8;1 10;1 11;2 3;2 6;2 11;3 6;3 7;3 10;3 11;4 6;4 8;4 10;5 8;5 9;5 11;6 7;6 10;6 11;7 10;7 11;8 9;8 10;10 11

32 - 41 edges
0 1;0 2;0 5;0 6;0 8;0 9;0 11;1 2;1 3;1 4;1 5;1 6;1 9;1 10;2 4;2 5;2 6;2 8;2 9;2 10;2 11;3 6;3 7;3 8;3 9;3 11;4 6;4 10;5 6;5 8;5 9;5 11;6 9;6 10;6 11;7 11;8 9;8 10;8 11;9 10;9 11

33 - 27 edges
0 1;0 2;0 5;0 6;0 7;0 8;0 10;0 11;1 2;1 5;1 7;1 8;1 9;1 10;2 3;2 5;2 7;3 4;4 7;5 6;5 8;6 8;7 9;8 9;8 10;8 11;10 11

34 - 41 edges
0 4;0 5;0 7;0 8;0 11;1 2;1 3;1 5;1 8;1 10;2 3;2 5;2 6;2 7;2 8;2 9;2 10;3 6;3 8;3 9;3 10;4 5;4 8;4 11;5 6;5 7;5 8;5 10;5 11;6 7;6 8;6 9;6 10;7 8;7 9;7 10;7 11;8 9;8 11;9 10;10 11

35 - 50 edges
0 1;0 2;0 3;0 4;0 6;0 7;0 8;0 9;0 10;0 11;1 2;1 3;1 4;1 5;1 6;1 7;1 9;1 10;2 4;2 6;2 7;2 10;2 11;3 4;3 5;3 6;3 7;3 8;3 9;3 10;3 11;4 5;4 6;4 7;4 10;4 11;5 6;5 7;5 9;5 10;5 11;6 7;6 10;6 11;7 8;7 9;7 10;8 9;9 10;10 11

36 - 49 edges
0 4;0 5;0 6;0 7;0 9;0 10;1 2;1 3;1 5;1 6;1 7;1 8;1 9;1 10;1 11;2 3;2 5;2 8;2 10;2 11;3 5;3 8;3 10;3 11;4 5;4 6;4 7;4 9;4 10;5 6;5 7;5 8;5 9;5 10;5 11;6 7;6 8;6 9;6 10;6 11;7 9;7 10;7 11;8 9;8 10;8 11;9 10;9 11;10 11

37 - 40 edges
0 1;0 2;0 3;0 5;0 6;0 7;0 10;0 11;1 3;1 5;1 6;1 7;1 8;1 11;2 3;2 5;2 8;3 5;3 6;3 7;3 8;3 9;4 6;4 7;4 9;4 10;5 6;5 8;6 7;6 8;6 9;6 10;6 11;7 8;7 9;7 11;8 11;9 10;9 11;10 11

38 - 45 edges
0 2;0 4;0 6;0 7;0 8;0 9;0 10;1 2;1 4;1 5;1 7;1 8;1 9;1 10;1 11;2 4;2 7;2 8;2 9;2 11;3 4;3 7;3 8;3 9;3 10;3 11;4 5;4 6;4 7;4 9;4 10;4 11;5 8;5 9;5 10;6 10;7 8;7 10;7 11;8 9;8 10;8 11;9 10;9 11;10 11

39 - 40 edges
0 1;0 4;0 5;0 9;0 10;0 11;1 2;1 3;1 4;1 6;1 8;1 9;1 10;2 3;2 4;2 5;2 6;2 7;2 10;2 11;3 6;3 7;3 11;4 5;4 6;4 8;4 10;5 7;5 10;5 11;6 7;6 10;6 11;7 8;7 9;7 10;7 11;8 9;8 11;10 11

40 - 40 edges
0 2;0 3;0 6;0 7;0 9;0 10;1 2;1 4;1 5;1 8;1 9;2 3;2 4;2 5;2 6;2 8;2 9;2 10;2 11;3 5;3 6;3 7;3 8;3 10;3 11;4 5;4 8;4 9;4 10;5 6;5 9;6 7;6 9;6 10;7 10;7 11;8 9;8 10;9 10;10 11

41 - 30 edges
0 1;0 7;0 10;0 11;1 4;1 5;1 6;1 8;1 9;2 3;2 5;2 8;2 9;3 4;3 7;3 9;3 11;4 5;4 8;4 9;4 11;5 6;5 9;5 10;6 7;7 9;7 10;7 11;9 10;9 11

42 - 26 edges
0 2;0 3;0 4;0 5;0 7;0 9;1 6;1 8;1 9;1 11;2 3;2 5;2 7;2 9;3 6;3 9;3 11;4 5;4 7;4 10;5 7;6 9;6 11;8 11;9 10;10 11

43 - 50 edges
0 2;0 3;0 4;0 6;0 7;0 10;0 11;1 2;1 3;1 4;1 5;1 6;1 7;1 10;2 3;2 4;2 6;2 7;2 9;2 10;2 11;3 4;3 6;3 7;3 8;3 9;3 10;3 11;4 6;4 7;4 8;4 9;4 10;4 11;5 6;5 7;5 10;6 7;6 8;6 9;6 10;6 11;7 8;7 9;7 10;7 11;8 9;8 11;9 11;10 11

44 - 47 edges
0 2;0 3;0 5;0 6;0 9;0 11;1 3;1 5;1 7;1 8;1 10;1 11;2 3;2 4;2 5;2 6;2 7;2 8;2 9;2 10;2 11;3 4;3 5;3 7;3 8;4 6;4 7;4 9;4 10;4 11;5 6;5 7;5 9;5 10;5 11;6 7;6 8;6 9;7 8;7 9;7 10;8 9;8 10;8 11;9 10;9 11;10 11

45 - 40 edges
0 1;0 2;0 3;0 4;0 5;0 6;1 2;1 3;1 4;1 5;1 6;1 7;1 8;1 9;1 11;2 4;2 5;2 6;2 8;2 9;2 11;3 7;3 8;3 9;3 10;3 11;4 5;4 6;5 6;5 8;7 8;7 9;7 10;7 11;8 9;8 10;8 11;9 10;9 11;10 11

46 - 34 edges
0 2;0 3;0 4;0 5;0 6;0 7;0 8;0 9;0 10;0 11;1 4;1 5;1 7;1 9;2 3;2 9;2 10;3 8;3 9;3 10;4 7;4 8;4 11;5 7;5 8;5 9;6 7;6 9;7 9;7 10;7 11;8 10;8 11;9 11

47 - 29 edges
0 1;0 2;0 3;0 4;0 8;0 9;1 4;1 7;1 8;1 9;1 10;2 4;2 6;3 8;3 9;3 11;4 8;4 9;4 10;4 11;5 7;5 9;5 11;7 10;7 11;8 10;8 11;9 10;9 11

48 - 40 edges
0 2;0 3;0 5;0 6;0 7;0 10;0 11;1 5;1 6;1 7;1 8;1 9;1 11;2 4;2 5;2 6;2 7;2 8;2 11;3 5;3 6;3 7;3 10;4 5;4 6;4 7;4 11;5 6;5 7;5 8;5 9;5 11;6 7;6 8;6 10;6 11;7 11;8 9;8 11;9 11

49 - 42 edges
0 1;0 4;0 5;0 6;0 7;0 8;0 10;0 11;1 2;1 3;1 4;1 5;1 6;1 7;1 8;1 9;1 10;2 3;2 6;2 9;2 10;3 5;3 7;3 8;3 9;4 5;4 7;5 6;5 11;6 7;6 8;6 9;6 11;7 9;7 10;7 11;8 9;8 10;8 11;9 10;9 11;10 11

50 - 31 edges
0 3;0 5;0 6;0 9;1 4;1 7;1 9;1 11;2 4;2 5;2 6;2 8;2 9;2 10;2 11;3 10;4 8;4 11;5 7;5 11;6 7;6 8;6 9;6 10;6 11;7 8;7 9;7 10;8 11;9 11;10 11

51 - 33 edges
0 3;0 8;0 9;0 10;1 4;1 5;1 6;1 7;1 10;2 3;2 4;2 5;2 8;2 9;2 10;2 11;3 4;3 5;3 7;3 11;4 6;4 7;4 10;5 7;5 9;5 10;6 10;7 11;8 9;8 10;8 11;9 11;10 11

52 - 32 edges
0 1;0 3;0 5;0 6;0 8;0 9;0 11;1 3;1 4;1 7;1 9;1 11;2 3;2 4;2 7;2 10;2 11;3 6;3 8;3 10;4 7;4 10;4 11;5 6;5 8;5 9;6 8;6 10;7 10;7 11;8 9;10 11

53 - 36 edges
0 1;0 2;0 3;0 4;0 5;0 6;0 8;0 9;0 10;1 3;1 4;1 5;1 6;1 8;1 9;1 10;1 11;2 3;2 9;2 11;3 9;3 11;4 5;4 7;4 10;5 6;5 7;5 8;5 9;5 10;6 7;6 8;6 10;7 8;8 9;9 11

54 - 55 edges
0 1;0 3;0 4;0 5;0 6;0 7;0 8;0 9;0 10;0 11;1 2;1 3;1 4;1 5;1 7;1 8;1 9;1 10;1 11;2 3;2 4;2 7;2 8;2 10;2 11;3 5;3 6;3 7;3 8;3 9;3 10;3 11;4 10;4 11;5 6;5 7;5 8;5 9;5 10;5 11;6 7;6 8;6 9;6 10;6 11;7 8;7 9;7 10;7 11;8 9;8 10;8 11;9 10;9 11;10 11

55 - 43 edges
0 1;0 2;0 3;0 5;0 6;0 7;0 8;0 9;0 10;1 4;1 7;1 9;2 3;2 4;2 5;2 6;2 7;2 9;2 10;2 11;3 5;3 6;3 7;3 9;3 10;3 11;4 5;4 7;4 9;4 10;5 6;5 7;5 8;5 9;5 10;6 10;6 11;7 8;7 9;7 10;8 9;8 10;9 10

56 - 49 edges
0 1;0 2;0 3;0 4;0 5;0 6;0 7;0 8;0 9;0 10;0 11;1 2;1 4;1 6;1 7;1 8;1 10;2 3;2 6;2 7;2 8;2 10;2 11;3 4;3 6;3 7;3 9;3 10;3 11;4 6;4 7;4 8;4 10;5 6;5 7;5 8;5 9;5 10;5 11;6 7;6 8;6 11;7 8;7 9;7 10;7 11;8 9;8 11;10 11

57 - 37 edges
0 1;0 5;0 6;0 9;0 11;1 2;1 5;1 6;1 9;1 11;2 5;2 6;2 7;2 9;2 10;2 11;3 4;3 7;3 8;3 9;3 10;4 5;4 7;4 8;4 10;5 6;5 7;5 9;6 7;6 9;6 11;7 8;7 9;7 10;8 10;9 10;9 11

58 - 31 edges
0 1;0 3;0 5;0 7;0 9;0 11;1 2;1 3;1 5;1 8;1 9;1 10;2 3;2 4;2 5;3 4;3 5;3 6;4 5;4 9;5 8;5 9;5 11;6 9;6 10;6 11;7 10;8 9;8 10;8 11;10 11

59 - 51 edges
0 2;0 4;0 5;0 6;0 7;0 8;0 9;0 10;0 11;1 2;1 5;1 6;1 7;1 8;1 10;1 11;2 3;2 4;2 5;2 6;2 8;2 9;2 11;3 4;3 6;3 7;3 8;4 5;4 6;4 7;4 8;4 10;4 11;5 6;5 7;5 8;5 10;5 11;6 7;6 8;6 9;6 10;6 11;7 8;7 9;7 10;7 11;8 9;8 10;8 11;10 11

60 - 62 edges
0 1;0 2;0 3;0 4;0 5;0 6;0 8;0 9;0 10;0 11;1 2;1 3;1 4;1 5;1 6;1 8;1 9;1 10;1 11;2 3;2 4;2 5;2 6;2 7;2 8;2 9;2 10;2 11;3 4;3 5;3 6;3 7;3 8;3 9;3 10;3 11;4 5;4 6;4 7;4 8;4 9;4 10;4 11;5 6;5 8;5 9;5 10;5 11;6 7;6 8;6 9;6 10;6 11;7 8;7 10;7 11;8 9;8 10;8 11;9 10;9 11;10 11

61 - 40 edges
0 1;0 2;0 4;0 7;0 8;0 11;1 3;1 4;1 5;1 7;1 8;1 9;2 3;2 5;2 6;2 9;2 10;2 11;3 4;3 5;3 6;3 7;3 9;3 10;3 11;4 5;4 7;4 8;4 10;4 11;5 6;5 8;5 9;5 10;5 11;6 9;7 8;7 11;8 11;10 11

62 - 23 edges
0 1;0 4;0 5;0 7;0 9;0 10;1 5;1 7;1 8;1 9;1 11;2 6;2 11;3 4;3 8;3 9;3 10;4 6;5 6;6 8;7 10;7 11;10 11

63 - 23 edges
0 9;1 5;1 6;1 10;2 3;2 4;2 5;2 7;2 8;2 9;3 7;3 9;3 10;4 8;4 11;5 7;5 10;5 11;6 10;7 8;8 10;9 11;10 11

64 - 28 edges
0 1;0 8;0 9;0 11;1 5;1 6;1 8;2 4;2 7;2 10;3 5;3 6;3 7;3 8;3 9;3 11;4 5;4 7;5 6;5 10;5 11;6 8;6 10;6 11;7 10;8 11;9 11;10 11

65 - 23 edges
0 11;1 5;1 9;1 11;2 7;2 9;2 10;2 11;3 4;3 11;4 8;4 9;4 11;5 10;5 11;6 8;6 9;7 10;7 11;8 9;8 11;9 11;10 11

66 - 55 edges
0 2;0 3;0 4;0 5;0 6;0 7;0 8;0 9;0 11;1 2;1 6;1 8;1 9;1 10;1 11;2 3;2 4;2 5;2 7;2 8;2 9;2 10;2 11;3 4;3 5;3 6;3 7;3 8;3 10;3 11;4 5;4 6;4 7;4 8;4 9;4 11;5 6;5 7;5 8;5 9;5 11;6 7;6 8;6 9;6 10;6 11;7 8;7 9;7 11;8 9;8 10;8 11;9 10;9 11;10 11

67 - 49 edges
0 2;0 4;0 5;0 6;0 9;0 10;0 11;1 2;1 3;1 5;1 6;1 7;1 8;1 9;2 3;2 4;2 5;2 6;2 8;2 9;2 10;2 11;3 4;3 5;3 6;3 7;3 8;3 9;3 10;3 11;4 5;4 6;4 9;4 10;4 11;5 6;5 8;5 9;5 10;5 11;6 7;6 8;6 9;6 10;6 11;7 8;7 9;8 9;9 10

68 - 43 edges
0 1;0 2;0 7;0 8;0 10;1 3;1 4;1 5;1 6;1 7;1 8;1 9;1 10;2 3;2 4;2 5;2 6;2 7;2 8;2 9;2 11;3 8;3 9;3 10;4 5;4 6;4 8;4 9;4 11;5 6;5 7;5 8;5 9;5 10;5 11;6 10;6 11;7 8;7 10;8 9;8 10;9 10;10 11

69 - 44 edges
0 1;0 2;0 3;0 4;0 5;0 6;0 8;0 9;0 10;0 11;1 2;1 3;1 5;1 6;1 7;1 9;1 10;2 3;2 4;2 5;2 6;2 8;2 9;2 10;3 5;3 8;3 11;4 5;4 8;4 9;4 10;5 7;5 8;5 9;5 10;5 11;6 7;6 8;6 9;7 8;7 9;8 10;8 11;9 10

70 - 28 edges
0 2;0 4;0 7;0 10;0 11;1 2;1 3;1 5;1 10;2 4;2 6;2 9;2 10;2 11;3 4;3 5;3 6;3 10;4 5;4 8;5 6;5 7;5 10;6 10;7 8;7 9;7 11;8 11

71 - 38 edges
0 1;0 2;0 5;0 6;0 7;0 8;0 10;1 3;1 4;1 5;1 6;1 7;1 10;2 3;2 4;2 6;2 9;2 10;2 11;3 4;3 6;3 8;3 9;3 10;3 11;4 6;4 7;4 10;5 6;5 7;5 10;6 7;7 9;7 10;7 11;8 9;8 11;9 10

72 - 49 edges
0 1;0 2;0 3;0 5;0 7;0 8;0 9;0 10;0 11;1 2;1 3;1 4;1 6;1 8;1 10;1 11;2 3;2 4;2 5;2 6;2 8;2 9;2 10;3 4;3 5;3 6;3 8;3 9;3 10;3 11;4 5;4 6;4 9;4 10;5 6;5 7;5 8;5 10;5 11;6 9;6 10;7 10;7 11;8 9;8 10;8 11;9 10;9 11;10 11

73 - 23 edges
0 4;0 8;0 9;0 11;1 3;1 6;1 7;2 3;2 4;2 9;2 11;3 6;3 8;3 9;3 10;4 11;5 6;5 7;6 7;6 10;7 8;7 10;8 9

74 - 53 edges
0 1;0 2;0 5;0 6;0 7;1 3;1 4;1 5;1 6;1 7;1 8;1 9;1 11;2 3;2 4;2 5;2 6;2 7;2 8;2 9;2 11;3 4;3 5;3 6;3 8;3 9;3 11;4 5;4 6;4 8;4 9;4 10;4 11;5 6;5 7;5 8;5 9;5 10;5 11;6 7;6 8;6 9;6 10;6 11;7 8;7 9;7 11;8 9;8 10;8 11;9 10;9 11;10 11

75 - 39 edges
0 1;0 2;0 6;0 7;0 9;0 10;0 11;1 2;1 3;1 4;1 5;2 4;2 5;2 6;2 7;2 8;2 9;2 10;3 4;3 5;4 5;4 6;4 7;4 11;5 7;6 7;6 8;6 9;6 10;6 11;7 8;7 9;7 11;8 9;8 10;8 11;9 10;9 11;10 11

76 - 36 edges
0 1;0 2;0 4;0 6;0 8;0 9;0 10;1 2;1 4;1 5;1 8;1 9;1 10;1 11;2 3;2 6;2 9;2 10;2 11;3 7;3 10;3 11;4 5;4 6;4 8;5 8;5 9;6 7;6 8;6 9;6 10;6 11;7 11;9 10;9 11;10 11

77 - 35 edges
0 2;0 5;0 6;0 7;0 8;0 10;1 2;1 3;1 4;1 6;1 7;1 9;1 11;2 5;2 7;2 8;2 9;2 10;3 4;3 6;3 7;4 6;4 7;4 9;4 11;5 8;5 9;6 7;6 9;7 8;7 9;7 11;8 10;9 10;9 11

78 - 23 edges
0 1;0 3;0 4;0 7;0 8;0 10;1 3;1 4;2 6;2 8;2 9;2 10;3 5;3 8;3 10;3 11;4 10;5 7;7 8;7 10;8 10;9 11;10 11

79 - 39 edges
0 1;0 2;0 3;0 5;0 6;0 7;0 8;0 10;0 11;1 2;1 3;1 5;1 8;1 10;1 11;2 3;2 4;2 5;2 7;2 8;2 9;2 11;3 4;4 7;4 8;4 9;5 8;5 9;5 10;5 11;6 8;6 11;7 9;8 9;8 10;8 11;9 10;9 11;10 11

80 - 27 edges
0 4;0 9;0 10;1 2;1 8;2 3;2 5;2 6;2 10;2 11;3 5;3 7;3 10;4 5;4 9;4 10;4 11;5 6;5 10;5 11;6 7;6 8;7 10;8 9;8 10;8 11;9 11

81 - 30 edges
0 2;0 3;0 8;0 9;1 5;1 7;1 8;1 9;1 10;2 3;2 6;2 7;2 8;2 9;3 4;3 7;4 6;4 11;5 6;5 7;5 8;5 9;5 10;6 7;6 9;7 9;7 10;7 11;8 9;9 10

82 - 46 edges
0 1;0 2;0 3;0 4;0 5;0 6;0 7;0 8;0 9;0 10;0 11;1 5;1 9;1 11;2 3;2 5;2 6;2 7;2 8;2 9;2 10;2 11;3 4;3 5;3 6;3 7;3 8;3 9;3 11;4 6;4 7;4 8;4 9;5 7;5 8;6 8;6 9;7 9;7 10;7 11;8 9;8 10;8 11;9 10;9 11;10 11

83 - 40 edges
0 1;0 3;0 5;0 9;0 10;0 11;1 2;1 3;1 4;1 5;1 8;1 9;1 10;1 11;2 5;2 6;2 7;2 8;2 9;2 10;3 9;3 11;4 5;4 6;4 7;4 8;5 6;5 7;5 8;5 9;5 10;5 11;6 7;6 8;7 8;8 9;8 10;9 10;9 11;10 11

84 - 23 edges
0 2;0 3;0 9;0 10;1 2;1 5;1 9;1 11;2 4;2 7;2 8;2 10;3 7;3 8;4 8;4 9;4 10;5 10;6 10;6 11;8 9;9 10;9 11

85 - 40 edges
0 1;0 3;0 4;0 5;0 6;0 8;0 9;0 11;1 2;1 3;1 4;1 5;1 6;1 7;1 8;1 10;2 3;2 5;2 6;2 10;2 11;3 4;3 5;3 6;3 7;3 8;3 10;3 11;4 7;4 8;4 9;4 11;5 6;5 10;5 11;6 11;7 8;7 9;8 9;8 11

86 - 34 edges
0 2;0 3;0 10;1 2;1 3;1 4;1 5;2 3;2 4;2 5;2 6;2 7;2 8;2 9;2 11;3 4;3 6;3 7;3 8;3 10;4 5;4 7;4 9;4 11;5 7;5 8;5 10;5 11;6 8;6 9;6 10;6 11;7 11;9 11

87 - 32 edges
0 2;0 4;0 5;0 6;0 7;0 9;0 11;1 3;1 4;1 5;1 8;1 10;1 11;2 5;2 10;2 11;3 5;3 6;3 9;4 5;4 6;4 8;5 8;5 11;6 7;6 8;6 10;7 8;7 10;8 9;8 11;9 11

88 - 46 edges
0 1;0 2;0 3;0 4;0 7;0 8;0 9;0 11;1 4;1 7;1 8;1 9;1 10;1 11;2 3;2 4;2 5;2 6;2 8;2 9;2 10;2 11;3 4;3 6;3 8;3 9;3 10;3 11;4 7;4 8;4 9;4 11;5 6;5 7;5 8;6 7;6 8;7 8;7 9;7 11;8 9;8 10;8 11;9 10;9 11;10 11

89 - 34 edges
0 2;0 6;0 7;0 8;0 9;0 10;1 2;1 4;1 8;1 10;1 11;2 3;2 4;2 5;2 6;2 7;2 9;3 4;3 5;3 6;3 7;3 9;4 5;4 6;4 8;4 9;5 7;6 7;6 9;7 9;8 9;8 10;9 11;10 11

90 - 38 edges
0 2;0 3;0 5;0 6;0 7;0 10;0 11;1 3;1 6;1 7;1 10;2 4;2 5;2 6;2 7;2 8;2 9;2 10;2 11;3 4;3 5;3 7;3 9;3 10;4 5;4 6;4 9;4 10;5 6;5 8;5 11;6 7;6 8;6 9;6 10;7 9;8 9;9 10

91 - 34 edges
0 2;0 7;0 9;0 10;0 11;1 6;1 9;1 11;2 3;2 4;2 5;2 7;2 9;3 4;3 5;3 7;3 8;4 5;4 8;4 11;5 7;5 8;5 9;5 10;5 11;6 9;6 11;7 8;7 9;7 10;7 11;8 10;8 11;10 11

92 - 29 edges
0 6;0 9;0 10;1 3;1 4;1 6;1 9;1 11;2 3;2 5;2 7;2 8;2 9;2 11;4 5;4 6;4 10;4 11;5 9;5 11;6 8;6 9;6 10;7 9;8 9;8 11;9 10;9 11;10 11

93 - 41 edges
0 1;0 2;0 3;0 4;0 5;0 7;0 8;0 9;0 10;0 11;1 3;1 4;1 5;1 6;1 7;1 9;1 10;1 11;2 3;2 7;2 8;3 4;3 7;3 8;3 10;4 5;4 7;4 8;4 11;5 6;5 9;5 11;6 7;6 10;6 11;7 8;7 9;7 10;9 10;9 11;10 11

94 - 47 edges
0 3;0 4;0 6;0 7;0 8;1 2;1 3;1 4;1 5;1 6;1 8;1 10;2 5;2 6;2 8;2 10;3 4;3 5;3 6;3 7;3 8;3 9;3 10;3 11;4 5;4 6;4 7;4 8;4 9;4 11;5 6;5 8;5 10;6 7;6 8;6 9;6 10;6 11;7 8;7 9;7 10;7 11;8 9;8 11;9 10;9 11;10 11

95 - 33 edges
0 2;0 3;0 4;0 5;0 6;0 8;0 11;1 5;1 6;1 9;1 11;2 4;2 7;2 8;2 10;2 11;3 5;3 6;3 9;3 10;3 11;4 10;4 11;5 6;5 7;5 9;6 7;7 10;7 11;8 10;8 11;9 11;10 11

96 - 41 edges
0 4;0 5;0 7;0 10;0 11;1 2;1 3;1 4;1 5;1 6;1 8;1 9;1 10;1 11;2 4;2 6;2 8;2 9;3 4;3 5;3 6;3 7;3 9;3 10;3 11;4 5;4 7;4 8;4 11;5 6;5 7;5 10;5 11;6 8;6 11;7 10;7 11;8 9;8 11;9 11;10 11

97 - 30 edges
0 4;0 10;1 2;1 3;1 4;1 7;2 4;2 5;2 6;2 7;2 8;2 9;3 4;3 5;3 8;3 10;4 6;4 9;4 11;5 7;5 8;6 7;6 8;6 9;6 10;7 8;7 10;7 11;8 9;9 11

98 - 48 edges
0 1;0 2;0 3;0 4;0 5;0 6;0 7;0 8;0 9;1 5;1 6;1 7;1 8;1 9;1 10;1 11;2 3;2 5;2 6;2 8;2 9;3 4;3 5;3 6;3 7;3 8;3 9;4 5;4 6;4 7;4 8;4 9;5 6;5 7;5 8;5 9;5 10;5 11;6 7;6 8;6 9;6 10;7 8;7 9;7 10;7 11;8 9;10 11

99 - 48 edges
0 2;0 3;0 5;0 6;0 7;0 8;1 2;1 4;1 5;1 6;1 8;1 9;1 10;1 11;2 3;2 4;2 5;2 6;2 7;2 8;2 11;3 4;3 5;3 6;3 7;3 8;4 5;4 6;4 8;4 9;4 10;4 11;5 6;5 7;5 8;5 9;5 10;5 11;6 7;6 8;6 10;6 11;7 8;8 9;8 10;8 11;9 11;10 11

100 - 27 edges
0 3;0 5;0 6;0 10;1 4;1 7;1 11;2 4;2 6;2 7;2 11;3 4;3 6;3 10;3 11;4 7;4 10;5 6;5 7;7 8;7 9;7 10;7 11;8 9;9 10;9 11;10 11

