INSTANCIA,GRAUS,DIST_F
g_15_33_30-1.txt 7 5 3 5 5 6 5 6 2 6 2 2 4 4 4 0.00
g_15_33_30-2.txt, 4 3 7 5 3 6 4 6 3 5 4 4 2 5 5, 7.0711
g_15_33_30-3.txt, 3 4 3 6 4 3 7 6 6 2 4 7 4 4 3, 9.6954
g_15_33_30-4.txt, 4 3 6 3 5 7 4 3 4 4 4 3 6 5 5, 7.4833
g_15_33_30-5.txt, 5 3 6 7 3 4 4 5 5 4 4 5 3 3 5, 7.7460
g_15_33_30-6.txt, 4 3 3 6 4 4 7 6 4 5 3 4 4 5 4, 5.8310
g_15_33_30-7.txt, 2 7 4 3 4 4 6 5 7 4 4 2 4 5 5, 8.7178
g_15_33_30-8.txt, 4 3 6 6 2 7 8 3 4 3 3 4 5 4 4, 8.3666
g_15_33_30-9.txt, 4 6 3 5 4 6 5 5 3 3 4 5 5 4 4, 6.0000
g_15_33_30-10.txt, 4 5 3 2 4 8 5 3 5 3 3 5 5 6 5, 8.1240
g_15_33_30-11.txt, 3 7 4 7 3 5 3 5 5 5 4 4 3 5 3, 7.4833
g_15_33_30-12.txt, 3 4 7 4 4 5 5 2 4 4 5 4 5 6 4, 8.8318
g_15_33_30-13.txt, 5 4 8 4 2 3 4 6 2 4 4 7 4 5 4, 9.1652
g_15_33_30-14.txt, 7 2 4 5 3 2 5 4 4 6 6 2 5 8 3, 8.4853
g_15_33_30-15.txt, 4 5 6 4 4 4 3 8 3 7 4 3 4 3 4, 6.3246
