
                                                H1v1                                                
               n         100    200    300    400    500    600    700    800    900   1000 
             Av(m)       1.9    7.6   17.2   30.6   47.8   68.8   93.7  122.3  154.9  191.2 
barabasi   Deviation    0.30   0.00   0.00   0.00   0.00   0.00   0.00   0.00   0.00   0.00 
           Average      1.90   2.00   2.00   2.00   2.00   2.00   2.00   2.00   2.00   2.00 
erdos      Deviation    0.70   0.70   0.67   0.75   0.64   1.18   0.87   0.67   0.75   0.78 
           Average      2.90   3.10   3.50   3.80   4.30   4.00   3.80   3.50   4.20   4.30 
watts      Deviation    0.80   0.89   0.63   0.60   0.75   0.54   0.80   1.11   1.04   0.94 
           Average      3.60   5.00   5.00   5.20   4.80   4.90   5.40   5.40   5.10   4.90 
bipartite  Deviation    1.28   1.66   1.26   1.08   1.60   1.28   1.83   1.74   1.20   1.61 
           Average      5.40   6.20   6.00   6.20   7.20   7.40   7.20   7.60   6.40   7.00 

                                                H1v2                                                
               n         100    200    300    400    500    600    700    800    900   1000 
             Av(m)       1.9    7.6   17.2   30.6   47.8   68.8   93.7  122.3  154.9  191.2 
barabasi   Deviation    0.30   0.00   0.00   0.00   0.00   0.00   0.00   0.00   0.00   0.00 
           Average      1.90   2.00   2.00   2.00   2.00   2.00   2.00   2.00   2.00   2.00 
erdos      Deviation    0.54   0.60   0.78   0.70   0.75   1.20   0.90   0.92   0.60   0.78 
           Average      2.90   3.20   3.30   3.90   4.20   4.40   3.70   3.60   4.20   4.30 
watts      Deviation    0.80   1.10   1.00   0.70   1.08   1.08   0.78   1.20   1.10   0.77 
           Average      3.60   4.70   5.00   4.90   5.20   5.20   5.30   5.50   5.30   5.00 
bipartite  Deviation    1.34   1.28   1.20   1.28   1.83   1.33   2.04   2.00   0.98   1.83 
           Average      5.00   5.40   5.60   6.60   6.80   6.80   7.20   8.00   6.80   7.20 

                                                H2v1                                                
               n         100    200    300    400    500    600    700    800    900   1000 
             Av(m)       1.9    7.6   17.2   30.6   47.8   68.8   93.7  122.3  154.9  191.2 
barabasi   Deviation    0.46   0.30   0.00   0.00   0.00   0.00   0.30   0.30   0.40   0.49 
           Average      1.30   1.90   2.00   2.00   2.00   2.00   2.10   2.10   2.20   2.40 
erdos      Deviation    0.00   0.77   0.50   0.49   0.87   0.66   0.46   0.54   0.40   0.77 
           Average      3.00   3.00   3.50   3.40   3.20   3.40   3.70   4.10   4.20   4.00 
watts      Deviation    0.60   0.92   0.54   0.54   0.54   0.49   0.92   0.54   0.46   0.49 
           Average      3.20   3.40   3.90   4.10   3.90   4.60   4.50   4.10   4.70   4.40 
bipartite  Deviation    0.92   1.08   1.74   1.20   1.50   1.50   0.89   1.40   1.34   1.56 
           Average      4.60   5.80   5.60   5.60   5.60   6.40   6.00   5.80   5.00   7.40 

                                                H2v2                                                
               n         100    200    300    400    500    600    700    800    900   1000 
             Av(m)       1.9    7.6   17.2   30.6   47.8   68.8   93.7  122.3  154.9  191.2 
barabasi   Deviation    0.46   0.30   0.00   0.00   0.00   0.00   0.00   0.00   0.00   0.00 
           Average      1.30   1.90   2.00   2.00   2.00   2.00   2.00   2.00   2.00   2.00 
erdos      Deviation    0.00   0.40   0.49   0.30   0.49   0.64   0.46   0.54   0.54   0.50 
           Average      2.00   2.20   2.40   2.10   2.60   2.70   2.70   2.90   2.90   2.50 
watts      Deviation    0.50   0.46   0.54   0.54   0.70   0.45   0.49   0.54   0.60   0.70 
           Average      2.50   2.70   3.10   2.90   2.90   3.00   3.40   3.10   3.20   3.10 
bipartite  Deviation    1.00   0.00   0.60   1.08   0.89   0.89   0.60   1.33   0.00   0.80 
           Average      3.00   4.00   4.20   4.20   4.00   4.00   4.20   4.80   4.00   4.40 

                                                H3v1                                                
               n         100    200    300    400    500    600    700    800    900   1000 
             Av(m)       1.9    7.6   17.2   30.6   47.8   68.8   93.7  122.3  154.9  191.2 
barabasi   Deviation    0.00   0.66   0.00   0.00   0.00   0.00   0.60   0.60   0.60   0.00 
           Average      2.00   2.40   2.00   2.00   2.00   2.00   2.20   2.20   2.20   2.00 
erdos      Deviation    1.42   1.27   1.40   1.43   1.12   1.87   1.14   1.42   1.78   0.63 
           Average      4.70   5.30   4.80   5.50   5.50   5.90   5.90   6.30   6.20   6.00 
watts      Deviation    2.16   2.27   2.42   1.72   2.75   3.20   2.41   2.54   2.38   2.24 
           Average      7.50   8.20   7.60   8.20   7.80   9.70   9.00   9.40   8.50   9.60 
bipartite  Deviation    1.56   2.37   2.50   3.40   2.56   1.80   2.68   2.41   3.07   1.84 
           Average      6.60   8.00   8.40   9.80   9.20   9.40   8.00   9.00  11.60   9.00 

                                                H3v2                                                
               n         100    200    300    400    500    600    700    800    900   1000 
             Av(m)       1.9    7.6   17.2   30.6   47.8   68.8   93.7  122.3  154.9  191.2 
barabasi   Deviation    0.00   0.66   0.00   0.00   0.00   0.00   0.60   0.60   0.60   0.00 
           Average      2.00   2.40   2.00   2.00   2.00   2.00   2.20   2.20   2.20   2.00 
erdos      Deviation    1.42   1.20   1.40   1.43   1.12   1.84   0.92   1.73   1.79   1.10 
           Average      4.70   5.50   4.80   5.50   5.50   6.00   5.60   6.70   6.00   6.00 
watts      Deviation    1.51   2.51   2.64   2.14   2.75   3.60   2.32   2.46   2.34   2.58 
           Average      6.90   8.90   7.80   8.00   7.80  10.20   8.80   9.50   8.90   9.40 
bipartite  Deviation    0.98   2.54   2.05   2.80   2.84   2.54   1.83   1.60   2.24   1.96 
           Average      6.80   8.60   9.00   9.60   8.60   9.40   8.80   8.80  11.00   9.60 

                                                H4v1                                                
               n         100    200    300    400    500    600    700    800    900   1000 
             Av(m)       1.9    7.6   17.2   30.6   47.8   68.8   93.7  122.3  154.9  191.2 
barabasi   Deviation    0.30   0.00   0.00   0.00   0.00   0.00   0.00   0.00   0.00   0.00 
           Average      1.90   2.00   2.00   2.00   2.00   2.00   2.00   2.00   2.00   2.00 
erdos      Deviation    0.00   0.00   0.00   0.00   0.00   0.00   0.00   0.00   0.00   0.00 
           Average      2.00   2.00   2.00   2.00   2.00   2.00   2.00   2.00   2.00   2.00 
watts      Deviation    0.00   0.00   0.00   0.00   0.00   0.00   0.00   0.00   0.00   0.00 
           Average      2.00   2.00   2.00   2.00   2.00   2.00   2.00   2.00   2.00   2.00 
bipartite  Deviation    0.00   0.00   0.00   0.00   0.00   0.00   0.00   0.00   0.00   0.00 
           Average      2.00   2.00   2.00   2.00   2.00   2.00   2.00   2.00   2.00   2.00 

                                                H4v2                                                
               n         100    200    300    400    500    600    700    800    900   1000 
             Av(m)       1.9    7.6   17.2   30.6   47.8   68.8   93.7  122.3  154.9  191.2 
barabasi   Deviation    0.30   0.00   0.00   0.00   0.00   0.00   0.00   0.00   0.00   0.00 
           Average      1.90   2.00   2.00   2.00   2.00   2.00   2.00   2.00   2.00   2.00 
erdos      Deviation    0.00   0.00   0.00   0.00   0.00   0.00   0.00   0.00   0.00   0.00 
           Average      2.00   2.00   2.00   2.00   2.00   2.00   2.00   2.00   2.00   2.00 
watts      Deviation    0.00   0.00   0.00   0.00   0.00   0.00   0.00   0.00   0.00   0.00 
           Average      2.00   2.00   2.00   2.00   2.00   2.00   2.00   2.00   2.00   2.00 
bipartite  Deviation    0.00   0.00   0.00   0.00   0.00   0.00   0.00   0.00   0.00   0.00 
           Average      2.00   2.00   2.00   2.00   2.00   2.00   2.00   2.00   2.00   2.00 
